 61  12  95  66  86  93  98  95  82  71 
  5  39  42  39  47  31  76  39   0  18 
 79  80  46  72  91  26  20  46  43  74 
 33  41  23  68  57  65  39  89  29   8 
  9  90   6  29  93  72  82   4  50   4 
 10  82  71  79   0  97  15  35   0  73 
 79  52  92  46   7  62  47   2  25  51 
  3  16  32  72  12  55  67  57  71  72 
 72  16  30  43  10  20  53  58   6   7 
 63  84  18  80  46  73  65  57  90  30 


 41  49  47  26  79  38  29  43   8  56 
 15  34  13  41  22  11  71  98  97  31 
 63  68  19   1  44  73  92   2  84  23 
 91  55  23  84  77  90  45  37  32  19 
 13  83  99  32  96  15  83  69  68  66 
  4  23  33  12  38  56   4  12   4  36 
 92  53  32  99  88  18  31  84  29  35 
 55  22  28  99  88   3  92  36  69  51 
 37  76  21  37  45  69  62  99  88  63 
 13  95  62  69  36  26  49  41  27  41 


102  61 142  92 165 131 127 138  90 127 
 20  73  55  80  69  42 147 137  97  49 
142 148  65  73 135  99 112  48 127  97 
124  96  46 152 134 155  84 126  61  27 
 22 173 105  61 189  87 165  73 118  70 
 14 105 104  91  38 153  19  47   4 109 
171 105 124 145  95  80  78  86  54  86 
 58  38  60 171 100  58 159  93 140 123 
109  92  51  80  55  89 115 157  94  70 
 76 179  80 149  82  99 114  98 117  71 
