 72  84  97  97  10  41  85  99  66   8 
  5  76   0  77  83  14  81  69   8  48 
 16  41  40  60  23  34  71  41  80  61 
 84  64  11  94  72  39  97  46  15  48 
 35  77  12  86  41  42  28  63  57  48 
 54  10  86  40  97  96  13  71  85  96 
 29  16   6  80  50  87   9  22   0  25 
  4  15  50  52  66  44  96  86  68  25 
 36  87   4  68  98  12  94   3  68  55 
 96  17  40  23  51  55  39  60  96  33 


 37  99  55  63  23   2  88  26  95  32 
 85  93  66  36  91  55  92  88  86  79 
 69  55  75  83  37  67  60  73  45  45 
 98   6  67  79  53  59  88  12  65  78 
 27  76  18  41  94  63  51  55  49   1 
 78   5  97  95  84  26  86  24   6  86 
 74   6  40  15  24  58  34  75  99  95 
 76  56  52  88  48  71  63  20  55  58 
 37  15   9  68  47  10  98  18  94  31 
 69  96  13  34  28  52   2  54  20   1 


109 183 152 160  33  43 173 125 161  40 
 90 169  66 113 174  69 173 157  94 127 
 85  96 115 143  60 101 131 114 125 106 
182  70  78 173 125  98 185  58  80 126 
 62 153  30 127 135 105  79 118 106  49 
132  15 183 135 181 122  99  95  91 182 
103  22  46  95  74 145  43  97  99 120 
 80  71 102 140 114 115 159 106 123  83 
 73 102  13 136 145  22 192  21 162  86 
165 113  53  57  79 107  41 114 116  34 
