 94  64  26  87   7  22  39  29  17  33 
 90  37  77  95  72  59  55  50  17  42 
 50  93  18  38  22  90  59  25  56  61 
 25  85  70   9  95   2  55  58  57  50 
 26  76  44  23  55  11  63  11  53  58 
 25  19  49  73   9  98  22  40  78  83 
 82  29  88  56  15   5  99  45  99  84 
  7  17  90  31  91  82  51  73  59  55 
 37  34   9  95  55  50   7  69   3  46 
 40  64  61  30  16  47  81  24  50  10 


 84  66  11  26  51  33  95  39  55  27 
  1  11  57  31  53   3  23  78  59  36 
 38  97  50  89  70  61  64  49  57  86 
 83  67  18  12  54  48  21  48  85  11 
 19  43   3  70   1  54  53   2  69  14 
 24  65  85  88  44  85  15  68  76  71 
 59  79  64  72  52  47  42  85  13  36 
 37  93  80  29  95  64  18  82  25   8 
 64  90  39  17  39  32  68  94  61  94 
 71   5  70  70  96   2  50  49  94  91 


178 130  37 113  58  55 134  68  72  60 
 91  48 134 126 125  62  78 128  76  78 
 88 190  68 127  92 151 123  74 113 147 
108 152  88  21 149  50  76 106 142  61 
 45 119  47  93  56  65 116  13 122  72 
 49  84 134 161  53 183  37 108 154 154 
141 108 152 128  67  52 141 130 112 120 
 44 110 170  60 186 146  69 155  84  63 
101 124  48 112  94  82  75 163  64 140 
111  69 131 100 112  49 131  73 144 101 
