 72  39  56  36  21  70  66  56  16   1 
 35  59  13  47  85  82  91  11  12  20 
 23   7  58  67  67  19  23  94   2  93 
 51   9  14  51   1  71  78  76  76  89 
 27  40  76  83  38  98  91  45  18  16 
 71  71   3   9  21   0  62  89  55  82 
 46  90  82  67  78  72  88  32  71   9 
 77  40  42  60  31  33  84  77  44  60 
 45  33  47  48  81  64  80  54  14  33 
 24   1  56  38   1  53  46  27  79  99 


 11  94   7  76  32  50  43   4  71  46 
 54  21  35  24  71  59  67  66  66  53 
 67  59  76  53  78  15   0  60  58  51 
 37  85  45   8  99   7  40  28  94  99 
 63  93  50  91  29  15  84  78  43   1 
 77  18  56   0  53  71  93  34  83  11 
 55  72  77  90  51  64  65  44  31  52 
 11  56  22   3  21  61  27  84  56  52 
  7  57  19  64  92  34   7  58  11  29 
 60   9   1  56  79   6  39  57  22  31 


 83 133  63 112  53 120 109  60  87  47 
 89  80  48  71 156 141 158  77  78  73 
 90  66 134 120 145  34  23 154  60 144 
 88  94  59  59 100  78 118 104 170 188 
 90 133 126 174  67 113 175 123  61  17 
148  89  59   9  74  71 155 123 138  93 
101 162 159 157 129 136 153  76 102  61 
 88  96  64  63  52  94 111 161 100 112 
 52  90  66 112 173  98  87 112  25  62 
 84  10  57  94  80  59  85  84 101 130 
