 43  60  59  78  16  65  12  63  83  41 
 98  38  33  19  47  78  93  62  78  79 
 10  48  27  53  77  14  80  94  45  78 
 26   6  19  36  52  34  46  13  22  57 
 25   5   8  81  64  89  62  66  25  17 
 51  21   4  68  83  94  96   0  34  15 
 16  92  46  26  67   5  25   1  50  56 
  2  83  26  90   2  77  94   7  42  46 
 13  79  90  92  53  97  30  42  85  93 
 23  55  69  46  88  81  49   0  14  27 


 43  63  40  89  85  95  34  54  31  91 
 45  75  56  84  83  76  68  64  99  19 
  1  82  22  93  67   1  83  57  23   1 
 39  30  53  38  98  40  31   5   1  96 
 83  71  72  37  85  79  49  65  73  54 
 14  87  62  35  52  40  96  16  90  79 
 50  29  74  57  78  54  65  84  84  70 
 93  79  25   7  78  96  63  63  22  79 
 20  80   7  32  83   7  98  17   6  27 
 73  70   1  13  60  91  33  50  99  72 


 86 123  99 167 101 160  46 117 114 132 
143 113  89 103 130 154 161 126 177  98 
 11 130  49 146 144  15 163 151  68  79 
 65  36  72  74 150  74  77  18  23 153 
108  76  80 118 149 168 111 131  98  71 
 65 108  66 103 135 134 192  16 124  94 
 66 121 120  83 145  59  90  85 134 126 
 95 162  51  97  80 173 157  70  64 125 
 33 159  97 124 136 104 128  59  91 120 
 96 125  70  59 148 172  82  50 113  99 
