 78  24  14  41   5  31  61  22  29  54 
 60  82  60  71  39  47  74  21  51  88 
 81  19  26  30   7   4   5  11  68  71 
 80  83  33   0  68  24  33  26  38  21 
 72  29  80  15  90  15   1   1  59  50 
 13  80  80   1  40  84  39  37  69  45 
 85  79  33  75  47  98  62  25  84  28 
 86  26  51  60  59  80  60  33  19  16 
  5  44  74  43  65  64  49  47  58  13 
 27  38  78  47  56  19  50  24  64  82 


 72  56  89  59  97  69  72   4  92  31 
 33  75  39  24  98  33  40  89  37  82 
 65  38  14  55  95  12  39  60  19  62 
 27  59  90  47  18  52  91  18  41  84 
 50   1  55  33  40  41  21  69  33  45 
 53  54  84  13  96  25  65  75  93  82 
 71  99  58  68  15  47  75   7  54  55 
 93  15  18  59  87  71   4  92  49  98 
 61  87  51  69  78  25  36  78  43   1 
 80  68   4  34  25  24  41  34  79  87 


150  80 103 100 102 100 133  26 121  85 
 93 157  99  95 137  80 114 110  88 170 
146  57  40  85 102  16  44  71  87 133 
107 142 123  47  86  76 124  44  79 105 
122  30 135  48 130  56  22  70  92  95 
 66 134 164  14 136 109 104 112 162 127 
156 178  91 143  62 145 137  32 138  83 
179  41  69 119 146 151  64 125  68 114 
 66 131 125 112 143  89  85 125 101  14 
107 106  82  81  81  43  91  58 143 169 
